20090709232634
20090827044513
20091103221114
20100112044548
20100120034215
20100305011352
20100412062438
20100529221714
20100728145456
20110116152216
20110122000456
20110204151743
20110219102743
20110226100542
20110305013058
20110320070848
20110401104330
20110408192510
20110415171026
20110505205110
20110513051110
20110520070946
20110602114921
20110616221319
20110705113044
20110708154813
20110805180012
20110818180028
20110908182831
20110922184332
20111006185527
20111019232259
20111020191532
20111027145323
20111110191624
20111124175641
20111208185405
20111222182226
20120105170921
20120119172053
20120129134918
20120209165920
20120924201011
20121017112058
20121022091122
20130117020128
20130617073542
20130725212850
20140215004514
20140427093247
20140909175038
20150206170217
20150227233432
20150526150608
20150712191610
20151011190522
20160407104151
20161227030107
